# R script for Peak Model
#  -- generated by MACS
p <- c(0.040067790390567286,0.04670004683524134,0.0532357357719848,0.06007657803378897,0.06642685735530567,0.06619123263595499,0.0662105461375411,0.06571225779661917,0.06603672462326601,0.06611011592929326,0.0657972372035981,0.06567363079344693,0.0659556079166043,0.0656543172918608,0.06606762622580381,0.06644617085689178,0.06670883447846303,0.06687106789178646,0.06677063768353862,0.06663930587275299,0.06631870174642338,0.06628780014388559,0.06611784132992772,0.0662105461375411,0.06597878411850765,0.06592084361374928,0.06568135619408137,0.06604445002390046,0.06596333331723875,0.06599809762009377,0.06669338367719413,0.06669724637751136,0.06665475667402189,0.0664809351597468,0.0667204225794147,0.0669753608003515,0.06688651869305534,0.06679381388544196,0.06715304501494382,0.06739253243461173,0.067276651425095,0.06749296264285956,0.0674350221381012,0.06783288027077529,0.06773631276284468,0.06725733792350888,0.06763974525491408,0.06763201985427963,0.0675779420498385,0.0674852372422251,0.06754317774698347,0.06762429445364518,0.06787923267458199,0.06758566745047294,0.06733845463017059,0.06788309537489921,0.06761270635269351,0.06772086196157578,0.06795262398060925,0.06799511368409872,0.06793717317934035,0.06785991917299586,0.06769382305935522,0.06806077958949153,0.068103269292981,0.06780584136855472,0.0676745095577691,0.0674350221381012,0.06718780931779884,0.06717622121684717,0.06730369032731556,0.06718394661748162,0.06732686652921892,0.06714531961430938,0.06738094433366006,0.06690583219464147,0.06710282991081991,0.06704488940606154,0.06698694890130318,0.06728437682572945,0.0669251456962276,0.06717622121684717,0.06747364914127343,0.06731914112858446,0.0674041205355634,0.06758180475015571,0.06773631276284468,0.068103269292981,0.06816120979773936,0.06755090314761793,0.06763201985427963,0.06754317774698347,0.06718008391716439,0.06705647750701321,0.066450033557209,0.06618350723532053,0.06592856901438374,0.06529122346204173,0.06548049577758572,0.06564272919090913,0.06587062850962537,0.06555002438329575,0.06528349806140728,0.06517920515284223,0.0658281388061359,0.0662105461375411,0.06620282073690666,0.06661999237116688,0.06641913195467121,0.06670497177814581,0.06627621204293391,0.06659295346894631,0.06702557590447542,0.06762043175332796,0.06768223495840354,0.06783288027077529,0.06758566745047294,0.06736549353239116,0.06731527842826725,0.06698694890130318,0.06731914112858446,0.06722257362065386,0.06725347522319165,0.06712214341240602,0.06707579100859934,0.06684402898956589,0.06743888483841842,0.06742729673746674,0.06736163083207393,0.06724961252287442,0.0668787932924209,0.06682471548797976,0.06643844545625734,0.06611011592929326,0.06588994201121148,0.06610625322897605,0.06607535162643825,0.06641526925435398,0.0667667749832214,0.0669405964974965,0.06703330130510987,0.06719553471843329,0.06745433563968732,0.06760498095205907,0.06774790086379635,0.06780584136855472,0.06750841344412846,0.067276651425095,0.06737708163334283,0.06716849581621272,0.06728823952604666,0.06738094433366006,0.06738094433366006,0.0675470404473007,0.06762043175332796,0.06752772694571457,0.06795262398060925,0.06803374068727096,0.0675624912485696,0.06811099469361544,0.06779811596792028,0.06762429445364518,0.06778266516665138,0.067913996977437,0.06831571781042832,0.06847795122375175,0.06851657822692399,0.0686633608389785,0.06851271552660676,0.06838524641613836,0.06898782766562535,0.06932774529354108,0.06926980478878272,0.06919255078243823,0.0687097132427852,0.06840069721740726,0.06813030819520156,0.06818824869995993,0.06839683451709004,0.06833503131201445,0.06769768575967244,0.06738480703397728,0.06765133335586575,0.06781742946950639,0.06734231733048782,0.06743888483841842,0.06736163083207393,0.0672612006238261,0.06731914112858446,0.06757407934952127,0.06811099469361544,0.06853589172851011,0.06813030819520156,0.06798352558314703,0.06850885282628953,0.06862859653612349,0.06860928303453737,0.06898782766562535,0.06900714116721147,0.0692350404859277,0.06924662858687937,0.06910370867514208,0.06962903591828458,0.06986466063763526,0.07001144324968978,0.06978740663129077,0.07022002906681989,0.06985307253668359,0.07022389176713711,0.06952860571003674,0.06915392377926599,0.06933933339449276,0.06913461027767986,0.06877924184849524,0.06859383223326847,0.0686788116402474,0.06864404733739239,0.06852430362755843,0.06861700843517182,0.06868267434056463,0.06914619837863155,0.06879082994944691,0.06893374986118421,0.06942817550178891,0.06934319609480998,0.06964062401923625,0.06939727389925111,0.06977968123065632,0.06964448671955348,0.06982217093414579,0.0694899787068645,0.06964448671955348,0.06962517321796735,0.06917709998116933,0.06943203820210614,0.06902259196848036,0.06915006107894876,0.06950929220845062,0.06938568579829944,0.06926207938814827,0.06934319609480998,0.06925821668783104,0.06914619837863155,0.06939727389925111,0.06957109541352621,0.06970242722431183,0.0697758185303391,0.06896851416403922,0.06906121897165261,0.06929298099068606,0.06952474300971952,0.06965607482050515,0.06932774529354108,0.06935478419576165,0.06942045010115447,0.06980285743255966,0.0698723860382697,0.07016595126237875,0.07022775446745434,0.07035522357792273,0.07016595126237875,0.07030500847379882,0.07104664693470587,0.07106982313660923,0.07086123731947912,0.07062561260012844,0.07053290779251506,0.07049041808902559,0.07045179108585334,0.07040543868204666,0.0705097315906117,0.07038998788077776,0.07006165835381369,0.06985307253668359,0.07037839977982609,0.0705406331931495,0.07043634028458444,0.07054835859378394,0.07086510001979635,0.07069127850552125,0.07086510001979635,0.07115866524390538,0.07133248675818048,0.07152948447435892,0.07151789637340723,0.07154879797594503,0.07178442269529571,0.07208957602035643,0.07172648219053734,0.07160287578038617,0.0717187567899029,0.07145609316833165,0.07108527393787813,0.07105437233534033,0.07065651420266623,0.07076853251186574,0.07076853251186574,0.07115866524390538,0.07178828539561294,0.07259558976191281,0.073580578342805,0.07486685754844068,0.07661666079214327,0.07839736563838365,0.0805875167182498,0.08254590577908251,0.08439613923103294,0.08601847336426713,0.08743994708100565,0.08911249631836377,0.08993911418624975,0.09064985104461902,0.09097431787126585,0.09129105929727825,0.09088933846428691,0.09055714623700563,0.09086616226238357,0.09075028125286685,0.09066143914557069,0.09041808902558555,0.09096272977031418,0.09130651009854714,0.09127174579569212,0.09115972748649262,0.09151895861599448,0.09195544375184082,0.09182797464137242,0.09143784190933277,0.09163870232582842,0.0924614574933972,0.09219879387182595,0.09180093573915185,0.09205201125977143,0.0926352790076723,0.09267390601084453,0.09281296322226461,0.09287862912765742,0.09336146666731045,0.09304858794161529,0.09236102728514936,0.09198248265406139,0.09231081218102545,0.09235330188451492,0.09229149867943932,0.09253098609910723,0.0924460066921283,0.09262369090672061,0.09284772752511962,0.09315288085018034,0.09357777788507501,0.09435418064883709,0.09482156738722122,0.0949142721948346,0.09462070697072555,0.0945318648634294,0.09472886257960784,0.09476748958278008,0.09494903649768963,0.09497993810022741,0.09505332940625467,0.09458594266787054,0.09412241862980363,0.09392928361394241,0.0937515993993501,0.09389065661077017,0.09370910969586063,0.09333056506477265,0.09314129274922867,0.09382112800506014,0.09412241862980363,0.09411469322916918,0.09463615777199445,0.09483701818849012,0.0951035445103786,0.09501856510339966,0.09504946670593745,0.09540097243480486,0.09524646442211589,0.094817704686904,0.09455890376564997,0.094817704686904,0.09472886257960784,0.0947868030843662,0.09487178249134513,0.09457049186660164,0.09488723329261403,0.09484474358912456,0.09483701818849012,0.0950262905040341,0.09460139346913944,0.09464388317262891,0.09463229507167724,0.09474431338087673,0.09496448729895852,0.09537393353258429,0.09486791979102792,0.09485246898975902,0.09537393353258429,0.09526577792370201,0.09568681225827946,